P-P-P Combo=false,false,5,1,10,0,1,4.0,1.0,1,1.5,15.0,1.2,0.0; false,false,5,1,10,0,2,4.0,1.0,1,2.0,15.0,1.2,0.0; false,false,5,1,10,0,1,4.0,1.0,1,3.0,15.0,1.2,0.0
*.*.P-P-K Combo=false,false,5,2,12,0,6,4.2,1.4,3,15.0,12.0,6.0,0.0
*.*.0.P-P-P-6P Combo=false,false,6,1,12,0,7,4.0,1.0,3,15.0,12.0,15.0,0.0
*.P-K-K Combo=false,false,5,2,12,0,4,4.0,1.0,2,15.0,12.0,2.0,0.0; false,false,5,2,14,0,10,4.0,1.0,3,15.0,12.0,10.0,0.0
Triple Kick Combo=false,false,5,2,12,0,4,4.0,1.0,2,4.0,20.0,1.0,0.0; false,false,5,2,12,0,5,5.0,1.5,1,15.0,12.0,1.0,0.0; false,false,5,2,12,0,10,5.0,1.2,1,15.0,12.0,30.0,0.0
*.K-P-K Combo=false,false,5,1,10,0,1,4.0,1.0,1,3.0,1.2,1.2,0.0; false,false,5,2,12,0,6,5.0,1.5,1,3.0,17.0,4.0,0.0
*.*.K-P-P-K Combo=false,false,5,1,10,0,2,4.0,1.0,1,3.0,1.2,1.2,0.0; false,false,5,2,12,0,11,5.0,1.5,1,3.0,17.0,16.0,0.0
*.High Thrust Kick=false,false,6,2,20,0,9,5.0,1.5,3,3.0,32.0,10.0,0.0
Grab=false,false,5,3,0,0,50,2.0,1.25,1,0.0,0.0,4.0,0.0
*.Over the Shoulder=false,false,5,1,20,0,51,1.0,1.0,3,20.0,15.0,0.0,0.0
*.Goal Kick=false,false,5,2,50,0,52,1.0,1.0,3,35.0,12.0,0.0,0.0
Magnum Blast=false,false,5,4,80,35,100,8.0,2.0,3,120.0,4.0,30.0,0.0